geometry ElevationGrid { height [4.12 4.12 4.12 4.12 4.12 4.12 4.12 4.12 4.12 4.12 4.12 4.12 4.12 4.12 4.12 4.12 4.12 4.12 4.12 4.12 4.12 4.12 4.12 4.12 4.12 
4.12 4.12 4.12 4.12 4.12 4.12 4.12 4.12 4.12 4.12 4.12 4.12 4.12 4.12 4.12 4.12 4.12 4.12 4.12 4.12 4.12 4.12 4.12 4.12 4.12 
4.12 4.12 4.12 4.12 4.12 4.12 4.12 4.12 4.12 4.12 4.12 4.12 4.12 4.12 4.12 4.12 4.12 4.12 4.12 4.12 4.12 4.12 4.12 4.12 4.12 
4.12 4.12 4.12 4 3.76 3.61 3.73 3.73 4 4.27 4.47 4 3.84 3.84 4.08 4.12 4.12 4.12 4.08 3.65 3.96 4.08 4.16 4.12 4.12 
4.12 4.12 4.12 3.88 3.37 3.37 3.73 3.61 3.37 4.08 4.31 4.08 3.65 3.84 4.12 4.12 4.12 4.12 3.88 3.33 3.65 4 4.47 4.16 4.12 
4.12 4.12 4.12 4.12 4.08 4.08 4.08 3.88 3.84 3.84 3.88 4.08 4.12 4.12 4.12 4.12 4.12 3.96 3.45 3.25 3.1 3.88 4.47 4.16 4.12 
4.12 4.12 4.12 4.12 4.12 4.12 4.12 4.12 4.12 4.12 4.12 4.12 4.12 4.12 4.12 4.08 3.88 3.25 3.1 2.71 2.86 3.76 4.16 4.12 4.12 
4.12 4.12 4.12 4.08 3.96 4.08 4.12 4.12 4.12 4.12 4.12 4.12 4.12 4.16 4.08 4 3.65 3.61 3.18 3.45 3.45 3.73 4 4.12 4.12 
4.12 4.12 4.12 4 3.45 3.84 4.12 4.08 4.12 4.12 4.12 4.12 4.12 4.16 4 4.08 4.12 4.24 4.08 4 4.16 3.96 3.84 4.12 4.12 
4.12 4.12 4.12 4.24 4.39 4.31 4.16 3.84 4 4.08 4.12 4.12 4.12 4.12 4.12 4.12 4.16 4.27 4.27 4.31 4.24 4 3.96 4.12 4.12 
4.12 4.12 4.12 4.16 4.24 4.75 4.51 4.31 4.67 4.47 4.16 4.12 4.12 4.12 4.12 4.12 4.12 4.12 4.16 4.12 4.12 4.12 4.12 4.12 4.12 
4.12 4.12 4.12 3.96 3.76 4.16 4.31 4.67 4.71 4.71 4.59 4.47 4.24 4.16 4.16 4.12 4.12 4.12 4.12 4.12 4.12 4.12 4.12 4.12 4.12 
4.12 4.12 4.12 3.65 3.18 3.73 3.84 4.24 4.63 4.9 4.78 4.59 4.31 4.39 4.39 4.39 4.16 4.16 4.12 4.12 4.08 4 4 4.12 4.12 
4.12 4.12 4.12 3.73 3.02 3.18 3.25 3.96 4.43 4.59 4.63 4.67 4.27 4.47 4.16 4.59 4.47 4.08 3.88 3.84 3.96 3.76 3.73 4.08 4.12 
4.12 4.12 4.12 3.73 3.02 2.71 3.1 3.37 4.16 4.59 4.78 4.63 4.27 4.43 4.16 3.88 4 4.12 4.08 4.08 4.24 3.76 3.84 4.08 4.12 
4.12 4.12 4.12 3.84 3.37 3.02 2.86 3.33 3.76 4.51 4.59 4.39 4.16 3.84 3.73 3.53 3.88 4.27 4 4.12 3.96 3.76 3.65 4.08 4.12 
4.12 4.12 4.12 3.96 3.53 3.84 3.25 3.33 3.61 4.16 4.16 3.88 3.84 3.37 3.84 3.53 3.73 3.96 3.76 3.73 3.53 3.53 3.53 4.08 4.12 
4.12 4.12 4.12 4 4.12 4.08 4 3.88 3.84 3.61 3.53 3.61 3.73 3.76 3.84 3.73 3.61 3.76 3.65 3.53 2.94 2.86 3.37 4.08 4.12 
4.12 4.12 4.12 4.31 4.39 4.51 4.24 4.39 4.16 3.84 3.65 2.86 3.02 3.1 3.61 3.61 3.61 3.25 3.37 3.37 2.86 2.71 3.25 4.08 4.12 
4.12 4.12 4.12 4.24 4.47 4.39 4.31 4.31 4.27 4.31 3.61 3.02 2.2 2.31 2.71 3.53 3.96 3.02 2.71 3.18 2.71 2.51 3.53 4.12 4.12 
4.12 4.12 4.12 4.27 4.71 4.67 4.31 4.39 4.24 4.12 3.53 3.02 3.1 2.86 3.02 3.73 3.96 3.76 3.02 2.86 3.02 2.78 3.45 4.08 4.12 
4.12 4.12 4.12 4.39 4.71 4.51 4.16 3.88 3.84 3.76 3.84 3.76 3.37 3.18 3.33 3.96 4 3.96 3.53 3.33 2.86 3.1 3.45 4.08 4.12 
4.12 4.12 4.12 4.27 4.24 4.31 4.16 3.88 3.76 3.88 4.08 3.65 3.37 3.73 3.84 4.16 4.27 3.88 4 3.88 3.61 3.33 3.96 4.12 4.12 
4.12 4.12 4.12 4.12 4.12 4.16 4.16 4.12 4.12 4.12 4.12 4.12 4.12 4.12 4.12 4.12 4.12 4.08 4.08 4.08 4.08 4.12 4.12 4.12 4.12 
4.12 4.12 4.12 4.12 4.12 4.12 4.12 4.12 4.12 4.12 4.12 4.12 4.12 4.12 4.12 4.12 4.12 4.12 4.12 4.12 4.12 4.12 4.12 4.12 4.12 
] xDimension 25 yDimension 25 xSpacing 3 ySpacing 3 creaseAngle 2}